,M,version,Epochs,val_error,train_time
0,4,2,0,0.6021000146865845,20789.735212802887
1,4,2,1,0.4757000207901001,20789.735212802887
2,4,2,2,0.4496999979019165,20789.735212802887
3,4,2,3,0.382099986076355,20789.735212802887
4,4,2,4,0.33980000019073486,20789.735212802887
5,4,2,5,0.42159998416900635,20789.735212802887
6,4,2,6,0.29659998416900635,20789.735212802887
7,4,2,7,0.31690001487731934,20789.735212802887
8,4,2,8,0.307699978351593,20789.735212802887
9,4,2,9,0.2824000120162964,20789.735212802887
10,4,2,10,0.26910001039505005,20789.735212802887
11,4,2,11,0.3791000247001648,20789.735212802887
12,4,2,12,0.29809999465942383,20789.735212802887
13,4,2,13,0.23930001258850098,20789.735212802887
14,4,2,14,0.22530001401901245,20789.735212802887
15,4,2,15,0.29490000009536743,20789.735212802887
16,4,2,16,0.2742999792098999,20789.735212802887
17,4,2,17,0.2549999952316284,20789.735212802887
18,4,2,18,0.25760000944137573,20789.735212802887
19,4,2,19,0.2777000069618225,20789.735212802887
20,4,2,20,0.20899999141693115,20789.735212802887
21,4,2,21,0.26520001888275146,20789.735212802887
22,4,2,22,0.23909997940063477,20789.735212802887
23,4,2,23,0.1909000277519226,20789.735212802887
24,4,2,24,0.24529999494552612,20789.735212802887
25,4,2,25,0.20889997482299805,20789.735212802887
26,4,2,26,0.2149999737739563,20789.735212802887
27,4,2,27,0.2702000141143799,20789.735212802887
28,4,2,28,0.2656000256538391,20789.735212802887
29,4,2,29,0.16589999198913574,20789.735212802887
30,4,2,30,0.2289000153541565,20789.735212802887
31,4,2,31,0.22079998254776,20789.735212802887
32,4,2,32,0.18459999561309814,20789.735212802887
33,4,2,33,0.18580001592636108,20789.735212802887
34,4,2,34,0.16060000658035278,20789.735212802887
35,4,2,35,0.20850002765655518,20789.735212802887
36,4,2,36,0.1970999836921692,20789.735212802887
37,4,2,37,0.1844000220298767,20789.735212802887
38,4,2,38,0.2217000126838684,20789.735212802887
39,4,2,39,0.20329999923706055,20789.735212802887
40,4,2,40,0.23830002546310425,20789.735212802887
41,4,2,41,0.2257000207901001,20789.735212802887
42,4,2,42,0.29250001907348633,20789.735212802887
43,4,2,43,0.21160000562667847,20789.735212802887
44,4,2,44,0.22649997472763062,20789.735212802887
45,4,2,45,0.2369999885559082,20789.735212802887
46,4,2,46,0.23489999771118164,20789.735212802887
47,4,2,47,0.20740002393722534,20789.735212802887
48,4,2,48,0.16350001096725464,20789.735212802887
49,4,2,49,0.20099997520446777,20789.735212802887
50,4,2,50,0.2028999924659729,20789.735212802887
51,4,2,51,0.11059999465942383,20789.735212802887
52,4,2,52,0.11409997940063477,20789.735212802887
53,4,2,53,0.11549997329711914,20789.735212802887
54,4,2,54,0.1119999885559082,20789.735212802887
55,4,2,55,0.10890001058578491,20789.735212802887
56,4,2,56,0.10909998416900635,20789.735212802887
57,4,2,57,0.10860002040863037,20789.735212802887
58,4,2,58,0.10659998655319214,20789.735212802887
59,4,2,59,0.109499990940094,20789.735212802887
60,4,2,60,0.10790002346038818,20789.735212802887
61,4,2,61,0.10839998722076416,20789.735212802887
62,4,2,62,0.11440002918243408,20789.735212802887
63,4,2,63,0.11080002784729004,20789.735212802887
64,4,2,64,0.11369997262954712,20789.735212802887
65,4,2,65,0.11229997873306274,20789.735212802887
66,4,2,66,0.10900002717971802,20789.735212802887
67,4,2,67,0.10890001058578491,20789.735212802887
68,4,2,68,0.10860002040863037,20789.735212802887
69,4,2,69,0.10839998722076416,20789.735212802887
70,4,2,70,0.1086999773979187,20789.735212802887
71,4,2,71,0.1087999939918518,20789.735212802887
72,4,2,72,0.10850000381469727,20789.735212802887
73,4,2,73,0.10829997062683105,20789.735212802887
74,4,2,74,0.10829997062683105,20789.735212802887
75,4,2,75,0.1087999939918518,20789.735212802887
76,4,2,76,0.1087999939918518,20789.735212802887
77,4,2,77,0.10850000381469727,20789.735212802887
78,4,2,78,0.10939997434616089,20789.735212802887
79,4,2,79,0.10809999704360962,20789.735212802887
80,4,2,80,0.10809999704360962,20789.735212802887
81,4,2,81,0.10820001363754272,20789.735212802887
82,4,2,82,0.10850000381469727,20789.735212802887
83,4,2,83,0.10850000381469727,20789.735212802887
84,4,2,84,0.10759997367858887,20789.735212802887
85,4,2,85,0.10809999704360962,20789.735212802887
86,4,2,86,0.10780000686645508,20789.735212802887
87,4,2,87,0.10790002346038818,20789.735212802887
88,4,2,88,0.10839998722076416,20789.735212802887
89,4,2,89,0.10799998044967651,20789.735212802887
90,4,2,90,0.10809999704360962,20789.735212802887
91,4,2,91,0.10820001363754272,20789.735212802887
92,4,2,92,0.10850000381469727,20789.735212802887
93,4,2,93,0.10820001363754272,20789.735212802887
94,4,2,94,0.10820001363754272,20789.735212802887
95,4,2,95,0.10820001363754272,20789.735212802887
96,4,2,96,0.10769999027252197,20789.735212802887
97,4,2,97,0.10790002346038818,20789.735212802887
98,4,2,98,0.10809999704360962,20789.735212802887
99,4,2,99,0.10769999027252197,20789.735212802887
