,M,version,Epochs,val_error,train_time
0,2,1,0,0.6457000076770782,1749.8360459804535
1,2,1,1,0.4340999722480774,1749.8360459804535
2,2,1,2,0.33079999685287476,1749.8360459804535
3,2,1,3,0.36409997940063477,1749.8360459804535
4,2,1,4,0.3895999789237976,1749.8360459804535
5,2,1,5,0.2892000079154968,1749.8360459804535
6,2,1,6,0.32330000400543213,1749.8360459804535
7,2,1,7,0.23009997606277466,1749.8360459804535
8,2,1,8,0.2802000045776367,1749.8360459804535
9,2,1,9,0.21979999542236328,1749.8360459804535
