,M,version,Epochs,val_error,train_time
0,2,4,0,0.5349000096321106,150.8620023727417
1,2,4,1,0.5006000101566315,150.8620023727417
2,2,4,2,0.4222000241279602,150.8620023727417
3,2,4,3,0.4635000228881836,150.8620023727417
4,2,4,4,0.33249998092651367,150.8620023727417
5,2,4,5,0.3549000024795532,150.8620023727417
6,2,4,6,0.34880000352859497,150.8620023727417
7,2,4,7,0.29670000076293945,150.8620023727417
8,2,4,8,0.2778000235557556,150.8620023727417
9,2,4,9,0.2652999758720398,150.8620023727417
10,2,4,10,0.21719998121261597,150.8620023727417
11,2,4,11,0.289900004863739,150.8620023727417
12,2,4,12,0.2613000273704529,150.8620023727417
13,2,4,13,0.24980002641677856,150.8620023727417
14,2,4,14,0.4341999888420105,150.8620023727417
15,2,4,15,0.24529999494552612,150.8620023727417
16,2,4,16,0.4100000262260437,150.8620023727417
17,2,4,17,0.21050000190734863,150.8620023727417
18,2,4,18,0.22579997777938843,150.8620023727417
19,2,4,19,0.23250001668930054,150.8620023727417
20,2,4,20,0.2092999815940857,150.8620023727417
21,2,4,21,0.2128000259399414,150.8620023727417
22,2,4,22,0.20789998769760132,150.8620023727417
23,2,4,23,0.21950000524520874,150.8620023727417
24,2,4,24,0.22579997777938843,150.8620023727417
25,2,4,25,0.20499998331069946,150.8620023727417
26,2,4,26,0.18279999494552612,150.8620023727417
27,2,4,27,0.22100001573562622,150.8620023727417
28,2,4,28,0.26990002393722534,150.8620023727417
29,2,4,29,0.21230000257492065,150.8620023727417
30,2,4,30,0.22200000286102295,150.8620023727417
31,2,4,31,0.21780002117156982,150.8620023727417
32,2,4,32,0.21539998054504395,150.8620023727417
33,2,4,33,0.20770001411437988,150.8620023727417
34,2,4,34,0.22030001878738403,150.8620023727417
35,2,4,35,0.17110002040863037,150.8620023727417
36,2,4,36,0.2232000231742859,150.8620023727417
37,2,4,37,0.2692999839782715,150.8620023727417
38,2,4,38,0.24529999494552612,150.8620023727417
39,2,4,39,0.18269997835159302,150.8620023727417
40,2,4,40,0.20509999990463257,150.8620023727417
41,2,4,41,0.2821999788284302,150.8620023727417
42,2,4,42,0.20260000228881836,150.8620023727417
43,2,4,43,0.19050002098083496,150.8620023727417
44,2,4,44,0.2135000228881836,150.8620023727417
45,2,4,45,0.17690002918243408,150.8620023727417
46,2,4,46,0.16670000553131104,150.8620023727417
47,2,4,47,0.23830002546310425,150.8620023727417
48,2,4,48,0.21770000457763672,150.8620023727417
49,2,4,49,0.23350000381469727,150.8620023727417
50,2,4,50,0.20579999685287476,150.8620023727417
51,2,4,51,0.12690001726150513,150.8620023727417
52,2,4,52,0.12639999389648438,150.8620023727417
53,2,4,53,0.12360000610351562,150.8620023727417
54,2,4,54,0.12330001592636108,150.8620023727417
55,2,4,55,0.13010001182556152,150.8620023727417
56,2,4,56,0.125,150.8620023727417
57,2,4,57,0.1251000165939331,150.8620023727417
58,2,4,58,0.12620002031326294,150.8620023727417
59,2,4,59,0.12199997901916504,150.8620023727417
60,2,4,60,0.12279999256134033,150.8620023727417
61,2,4,61,0.12379997968673706,150.8620023727417
62,2,4,62,0.1251000165939331,150.8620023727417
63,2,4,63,0.12370002269744873,150.8620023727417
64,2,4,64,0.12559998035430908,150.8620023727417
65,2,4,65,0.12599998712539673,150.8620023727417
66,2,4,66,0.125,150.8620023727417
67,2,4,67,0.12410002946853638,150.8620023727417
68,2,4,68,0.12459999322891235,150.8620023727417
69,2,4,69,0.12389999628067017,150.8620023727417
70,2,4,70,0.12470000982284546,150.8620023727417
71,2,4,71,0.12389999628067017,150.8620023727417
72,2,4,72,0.12449997663497925,150.8620023727417
73,2,4,73,0.12400001287460327,150.8620023727417
74,2,4,74,0.12400001287460327,150.8620023727417
75,2,4,75,0.12370002269744873,150.8620023727417
76,2,4,76,0.12360000610351562,150.8620023727417
77,2,4,77,0.12379997968673706,150.8620023727417
78,2,4,78,0.12360000610351562,150.8620023727417
79,2,4,79,0.12370002269744873,150.8620023727417
80,2,4,80,0.12360000610351562,150.8620023727417
81,2,4,81,0.12309998273849487,150.8620023727417
82,2,4,82,0.12300002574920654,150.8620023727417
83,2,4,83,0.12349998950958252,150.8620023727417
84,2,4,84,0.12300002574920654,150.8620023727417
85,2,4,85,0.12360000610351562,150.8620023727417
86,2,4,86,0.12300002574920654,150.8620023727417
87,2,4,87,0.12330001592636108,150.8620023727417
88,2,4,88,0.12279999256134033,150.8620023727417
89,2,4,89,0.12239998579025269,150.8620023727417
90,2,4,90,0.12339997291564941,150.8620023727417
91,2,4,91,0.12300002574920654,150.8620023727417
92,2,4,92,0.12300002574920654,150.8620023727417
93,2,4,93,0.12339997291564941,150.8620023727417
94,2,4,94,0.12309998273849487,150.8620023727417
95,2,4,95,0.12279999256134033,150.8620023727417
96,2,4,96,0.12309998273849487,150.8620023727417
97,2,4,97,0.12300002574920654,150.8620023727417
98,2,4,98,0.12230002880096436,150.8620023727417
99,2,4,99,0.1218000054359436,150.8620023727417
100,2,4,0,0.5349000096321106,150.8620023727417
101,2,4,1,0.5006000101566315,150.8620023727417
102,2,4,2,0.4222000241279602,150.8620023727417
103,2,4,3,0.4635000228881836,150.8620023727417
104,2,4,4,0.33249998092651367,150.8620023727417
105,2,4,5,0.3549000024795532,150.8620023727417
106,2,4,6,0.34880000352859497,150.8620023727417
107,2,4,7,0.29670000076293945,150.8620023727417
108,2,4,8,0.2778000235557556,150.8620023727417
109,2,4,9,0.2652999758720398,150.8620023727417
110,2,4,10,0.21719998121261597,150.8620023727417
111,2,4,11,0.289900004863739,150.8620023727417
112,2,4,12,0.2613000273704529,150.8620023727417
113,2,4,13,0.24980002641677856,150.8620023727417
114,2,4,14,0.4341999888420105,150.8620023727417
115,2,4,15,0.24529999494552612,150.8620023727417
116,2,4,16,0.4100000262260437,150.8620023727417
117,2,4,17,0.21050000190734863,150.8620023727417
118,2,4,18,0.22579997777938843,150.8620023727417
119,2,4,19,0.23250001668930054,150.8620023727417
120,2,4,20,0.2092999815940857,150.8620023727417
121,2,4,21,0.2128000259399414,150.8620023727417
122,2,4,22,0.20789998769760132,150.8620023727417
123,2,4,23,0.21950000524520874,150.8620023727417
124,2,4,24,0.22579997777938843,150.8620023727417
125,2,4,25,0.20499998331069946,150.8620023727417
126,2,4,26,0.18279999494552612,150.8620023727417
127,2,4,27,0.22100001573562622,150.8620023727417
128,2,4,28,0.26990002393722534,150.8620023727417
129,2,4,29,0.21230000257492065,150.8620023727417
130,2,4,30,0.22200000286102295,150.8620023727417
131,2,4,31,0.21780002117156982,150.8620023727417
132,2,4,32,0.21539998054504395,150.8620023727417
133,2,4,33,0.20770001411437988,150.8620023727417
134,2,4,34,0.22030001878738403,150.8620023727417
135,2,4,35,0.17110002040863037,150.8620023727417
136,2,4,36,0.2232000231742859,150.8620023727417
137,2,4,37,0.2692999839782715,150.8620023727417
138,2,4,38,0.24529999494552612,150.8620023727417
139,2,4,39,0.18269997835159302,150.8620023727417
140,2,4,40,0.20509999990463257,150.8620023727417
141,2,4,41,0.2821999788284302,150.8620023727417
142,2,4,42,0.20260000228881836,150.8620023727417
143,2,4,43,0.19050002098083496,150.8620023727417
144,2,4,44,0.2135000228881836,150.8620023727417
145,2,4,45,0.17690002918243408,150.8620023727417
146,2,4,46,0.16670000553131104,150.8620023727417
147,2,4,47,0.23830002546310425,150.8620023727417
148,2,4,48,0.21770000457763672,150.8620023727417
149,2,4,49,0.23350000381469727,150.8620023727417
150,2,4,50,0.20579999685287476,150.8620023727417
151,2,4,51,0.12690001726150513,150.8620023727417
152,2,4,52,0.12639999389648438,150.8620023727417
153,2,4,53,0.12360000610351562,150.8620023727417
154,2,4,54,0.12330001592636108,150.8620023727417
155,2,4,55,0.13010001182556152,150.8620023727417
156,2,4,56,0.125,150.8620023727417
157,2,4,57,0.1251000165939331,150.8620023727417
158,2,4,58,0.12620002031326294,150.8620023727417
159,2,4,59,0.12199997901916504,150.8620023727417
160,2,4,60,0.12279999256134033,150.8620023727417
161,2,4,61,0.12379997968673706,150.8620023727417
162,2,4,62,0.1251000165939331,150.8620023727417
163,2,4,63,0.12370002269744873,150.8620023727417
164,2,4,64,0.12559998035430908,150.8620023727417
165,2,4,65,0.12599998712539673,150.8620023727417
166,2,4,66,0.125,150.8620023727417
167,2,4,67,0.12410002946853638,150.8620023727417
168,2,4,68,0.12459999322891235,150.8620023727417
169,2,4,69,0.12389999628067017,150.8620023727417
170,2,4,70,0.12470000982284546,150.8620023727417
171,2,4,71,0.12389999628067017,150.8620023727417
172,2,4,72,0.12449997663497925,150.8620023727417
173,2,4,73,0.12400001287460327,150.8620023727417
174,2,4,74,0.12400001287460327,150.8620023727417
175,2,4,75,0.12370002269744873,150.8620023727417
176,2,4,76,0.12360000610351562,150.8620023727417
177,2,4,77,0.12379997968673706,150.8620023727417
178,2,4,78,0.12360000610351562,150.8620023727417
179,2,4,79,0.12370002269744873,150.8620023727417
180,2,4,80,0.12360000610351562,150.8620023727417
181,2,4,81,0.12309998273849487,150.8620023727417
182,2,4,82,0.12300002574920654,150.8620023727417
183,2,4,83,0.12349998950958252,150.8620023727417
184,2,4,84,0.12300002574920654,150.8620023727417
185,2,4,85,0.12360000610351562,150.8620023727417
186,2,4,86,0.12300002574920654,150.8620023727417
187,2,4,87,0.12330001592636108,150.8620023727417
188,2,4,88,0.12279999256134033,150.8620023727417
189,2,4,89,0.12239998579025269,150.8620023727417
190,2,4,90,0.12339997291564941,150.8620023727417
191,2,4,91,0.12300002574920654,150.8620023727417
192,2,4,92,0.12300002574920654,150.8620023727417
193,2,4,93,0.12339997291564941,150.8620023727417
194,2,4,94,0.12309998273849487,150.8620023727417
195,2,4,95,0.12279999256134033,150.8620023727417
196,2,4,96,0.12309998273849487,150.8620023727417
197,2,4,97,0.12300002574920654,150.8620023727417
198,2,4,98,0.12230002880096436,150.8620023727417
199,2,4,99,0.1218000054359436,150.8620023727417
